240630
290209
328085
261251
271835
257356
351491
237307
256247
251792
421694
69118
247921
225643
365460
402231
222880
404465
404468
268560
361579
268566
69162
69163
332640
229595
250763
245755
421770
276951
535960
283644
486392
245211
347706
242436
272515
248020
228525
241895
445208
423490
250277
366140
298187
233019
326041
314904
251407
314906
421850
325492
272578
316582
245287
238048
404038
416294
274259
243076
265917
309927
260912
255902
231951
324973
239197
233071
238086
247560
340583
351725
243121
536660
250363
301051
359540
419699
233105
55438
224218
250398
438116
224791
389665
240950
232597
268250
264353
280510
418651
429235
406959
288885
248787
398623
230976
232650
238222
347954
348521
363569
383070
454372
232131
306770
291737
285612
480006
299540
510089
378646
246640
361385
400933
316833
372534
342466
465575
429371
271740
238891
314645
256717
231095
428277
357540
250603
502372
272335
235577
32274
453925
252848
438332
241721
368718
428877